0 1
0 6
0 8
0 12
1 2
1 3
1 4
1 5
1 6
1 11
1 14
1 15
1 17
2 4
2 7
2 9
2 10
2 11
2 15
2 16
2 17
2 18
2 19
3 5
3 6
3 7
3 9
3 11
3 12
3 14
3 18
4 0
4 5
4 8
4 9
4 12
4 14
4 15
4 19
5 2
5 8
5 10
5 15
5 16
5 17
6 10
6 16
6 17
7 1
7 5
7 6
7 8
7 9
7 12
7 14
7 19
8 1
8 2
8 11
8 12
8 13
8 14
9 0
9 5
9 10
9 13
9 14
9 15
9 17
9 18
10 0
10 1
10 13
10 15
10 16
11 5
11 6
11 13
11 15
11 16
11 18
12 1
12 2
12 9
12 13
12 16
13 3
13 4
13 15
13 17
13 18
14 0
14 5
14 13
14 16
14 19
15 8
15 14
16 0
16 7
16 18
17 10
17 15
17 18
17 19
18 1
18 5
18 12
18 15
18 19
19 3
19 5
19 11
S